240
0 120
67 60
72 60
76 60
67 60
72 60
76 60
0 120
67 60
72 60
76 60
67 60
72 60
76 60
0 120
69 60
74 60
77 60
69 60
74 60
77 60
0 120
69 60
74 60
77 60
69 60
74 60
77 60
0 120
67 60
74 60
77 60
67 60
74 60
77 60
0 120
67 60
74 60
77 60
67 60
74 60
77 60
0 120
67 60
72 60
76 60
67 60
72 60
76 60
0 120
67 60
72 60
76 60
67 60
72 60
76 60
0 120
69 60
76 60
81 60
69 60
76 60
81 60
0 120
69 60
76 60
81 60
69 60
76 60
81 60
0 120
66 60
69 60
74 60
66 60
69 60
74 60
0 120
66 60
69 60
74 60
66 60
69 60
74 60
0 120
67 60
74 60
79 60
67 60
74 60
79 60
0 120
67 60
74 60
79 60
67 60
74 60
79 60
0 120
64 60
67 60
72 60
64 60
67 60
72 60
0 120
64 60
67 60
72 60
64 60
67 60
72 60
0 120
64 60
67 60
72 60
64 60
67 60
72 60
0 120
64 60
67 60
72 60
64 60
67 60
72 60
0 120
62 60
66 60
72 60
62 60
66 60
72 60
0 120
62 60
66 60
72 60
62 60
66 60
72 60
0 120
62 60
67 60
71 60
62 60
67 60
71 60
0 120
62 60
67 60
71 60
62 60
67 60
71 60
0 120
64 60
67 60
73 60
64 60
67 60
73 60
0 120
64 60
67 60
73 60
64 60
67 60
73 60
0 120
62 60
69 60
74 60
62 60
69 60
74 60
0 120
62 60
69 60
74 60
62 60
69 60
74 60
0 120
62 60
65 60
71 60
62 60
65 60
71 60
0 120
62 60
65 60
71 60
62 60
65 60
71 60
0 120
60 60
67 60
72 60
60 60
67 60
72 60
0 120
60 60
67 60
72 60
60 60
67 60
72 60
0 120
57 60
60 60
65 60
57 60
60 60
65 60
0 120
57 60
60 60
65 60
57 60
60 60
65 60
0 120
57 60
60 60
65 60
57 60
60 60
65 60
0 120
57 60
60 60
65 60
57 60
60 60
65 60
0 120
55 60
59 60
65 60
55 60
59 60
65 60
0 120
55 60
59 60
65 60
55 60
59 60
65 60
0 120
55 60
60 60
64 60
55 60
60 60
64 60
0 120
55 60
60 60
64 60
55 60
60 60
64 60
0 120
58 60
60 60
64 60
58 60
60 60
64 60
0 120
58 60
60 60
64 60
58 60
60 60
64 60
0 120
57 60
60 60
64 60
57 60
60 60
64 60
0 120
57 60
60 60
64 60
57 60
60 60
64 60
0 120
57 60
60 60
63 60
57 60
60 60
63 60
0 120
57 60
60 60
63 60
57 60
60 60
63 60
0 120
59 60
60 60
62 60
59 60
60 60
62 60
0 120
59 60
60 60
62 60
59 60
60 60
62 60
0 120
55 60
59 60
62 60
55 60
59 60
62 60
0 120
55 60
59 60
62 60
55 60
59 60
62 60
0 120
55 60
60 60
64 60
55 60
60 60
64 60
0 120
55 60
60 60
64 60
55 60
60 60
64 60
0 120
55 60
60 60
65 60
55 60
60 60
65 60
0 120
55 60
60 60
65 60
55 60
60 60
65 60
0 120
55 60
59 60
65 60
55 60
59 60
65 60
0 120
55 60
59 60
65 60
55 60
59 60
65 60
0 120
57 60
60 60
66 60
57 60
60 60
66 60
0 120
57 60
60 60
66 60
57 60
60 60
66 60
0 120
55 60
60 60
67 60
55 60
60 60
67 60
0 120
55 60
60 60
67 60
55 60
60 60
67 60
0 120
55 60
60 60
65 60
55 60
60 60
65 60
0 120
55 60
60 60
65 60
55 60
60 60
65 60
0 120
55 60
59 60
65 60
55 60
59 60
65 60
0 120
55 60
59 60
65 60
55 60
59 60
65 60
0 120
55 60
58 60
64 60
55 60
58 60
64 60
0 120
55 60
58 60
64 60
55 60
58 60
64 60
0 120
53 60
57 60
60 60
65 60
60 60
57 60
60 60
57 60
53 60
57 60
53 60
50 60
53 60
50 60
0 120
67 60
71 60
74 60
77 60
74 60
71 60
74 60
71 60
67 60
71 60
62 60
65 60
64 15
65 15
0 1
64 30
0 2
62 60
72 960
